-0.0877 4.5771 0.0000
-1.1865 3.3866 0.0000
1.4569 7.6499 0.0000
0.1281 5.0581 0.0000
0.1865 -1.8106 0.0000
-0.4978 1.4035 0.0000
0.4107 -2.7022 0.0000
-0.7603 -1.3481 0.0000
-0.4035 1.0830 0.0000
-1.4394 -1.9440 0.0000
3.0839 0.9810 0.0000
-0.6415 -8.3260 0.0000
-1.1403 -2.5621 0.0000
-2.6473 2.6326 0.0000
0.0833 -0.4104 0.0000
-0.3607 -2.5982 0.0000
1.4187 -3.3008 0.0000
0.7776 -6.5242 0.0000
0.2380 -4.0258 0.0000
-0.5770 -0.0558 0.0000
0.7108 0.6512 0.0000
0.8788 1.5990 0.0000
0.5289 -0.6319 0.0000
-0.2893 -1.6598 0.0000
-1.1100 -6.3488 0.0000
-1.0401 1.3130 0.0000
0.3821 8.3942 0.0000
0.2414 -2.9944 0.0000
-0.9046 -2.5791 0.0000
-0.3523 1.0074 0.0000
0.7903 5.3379 0.0000
1.1120 -2.1876 0.0000
-0.4383 -4.4708 0.0000
0.1378 -3.3575 0.0000
0.8089 -2.1741 0.0000
1.0023 -2.8015 0.0000
-1.5938 0.5654 0.0000
-0.3100 -3.6467 0.0000
-0.2601 2.1775 0.0000
1.6981 1.5011 0.0000
-0.0841 1.7703 0.0000
0.2594 0.3903 0.0000
-0.2064 7.5057 0.0000
-0.5668 2.3592 0.0000
0.9196 1.3692 0.0000
-0.2600 1.8307 0.0000
-0.8590 1.2355 0.0000
0.7130 0.6163 0.0000
0.0940 2.7152 0.0000
1.2485 0.3107 0.0000
0.7396 3.8148 0.0000
0.5338 -3.3366 0.0000
1.1218 2.3481 0.0000
0.0337 -8.6335 0.0000
0.7065 0.3117 0.0000
3.2509 -3.6371 0.0000
0.6280 -2.5237 0.0000
2.3374 0.6689 0.0000
-2.1251 -0.4095 0.0000
0.7432 -1.2137 0.0000
-0.4209 -5.8298 0.0000
1.2554 -3.1080 0.0000
0.0732 -0.7535 0.0000
-1.1431 -5.6589 0.0000
-0.3101 10.3244 0.0000
-0.1894 1.7132 0.0000
1.1253 -2.4917 0.0000
-1.3198 -1.2082 0.0000
1.7887 -2.8903 0.0000
-1.3932 -0.8065 0.0000
0.4181 -0.8283 0.0000
-1.5582 1.1261 0.0000
-0.3554 -2.9371 0.0000
-1.1357 -2.5437 0.0000
0.1431 -0.1842 0.0000
-1.1209 -5.1214 0.0000
-1.1416 2.5121 0.0000
-0.7961 -1.9131 0.0000
0.2467 2.6810 0.0000
0.2352 -0.1052 0.0000
-0.3180 1.5710 0.0000
-0.4848 1.0384 0.0000
-1.8063 2.2042 0.0000
-1.1107 0.5637 0.0000
0.4201 1.6238 0.0000
-1.2162 0.6168 0.0000
-0.4746 2.9740 0.0000
-0.2089 -3.6712 0.0000
-0.7218 4.5060 0.0000
1.3126 1.0042 0.0000
0.5684 2.9786 0.0000
-1.0534 4.7337 0.0000
0.0812 3.8356 0.0000
1.5060 4.8617 0.0000
-0.8796 -1.7575 0.0000
-0.2167 1.1427 0.0000
0.5892 -8.2414 0.0000
0.0835 3.7468 0.0000
-1.7201 -1.0932 0.0000
0.8342 0.2905 0.0000
7.1039 10.2565 1.0000
11.7845 9.3120 1.0000
13.6779 10.6267 1.0000
7.7089 11.0834 1.0000
10.2210 9.8680 1.0000
8.3432 8.3700 1.0000
6.9840 9.8610 1.0000
10.3874 9.4380 1.0000
7.3902 10.9308 1.0000
10.8758 9.3616 1.0000
13.6633 10.9350 1.0000
7.9281 11.5768 1.0000
9.5540 9.4978 1.0000
8.1570 9.9792 1.0000
5.0539 10.9754 1.0000
13.2811 11.0940 1.0000
7.4021 10.4812 1.0000
11.6927 11.2558 1.0000
9.3379 8.5469 1.0000
9.9724 7.6761 1.0000
10.4664 7.9502 1.0000
8.2870 10.8388 1.0000
11.5451 9.1192 1.0000
15.1645 11.1399 1.0000
5.4735 10.4311 1.0000
10.7220 9.6488 1.0000
7.7186 9.2415 1.0000
8.7662 8.4760 1.0000
12.4329 8.5865 1.0000
7.8014 12.2530 1.0000
15.2590 8.6962 1.0000
3.5460 9.4190 1.0000
10.2654 10.3932 1.0000
14.2965 12.0754 1.0000
10.4184 10.9716 1.0000
12.4328 10.3233 1.0000
6.3279 8.3717 1.0000
7.4074 10.7383 1.0000
10.9329 9.7828 1.0000
8.7218 11.3639 1.0000
10.5014 10.4882 1.0000
4.9522 10.1025 1.0000
7.7136 10.0937 1.0000
9.0604 11.8424 1.0000
13.5330 9.6375 1.0000
12.2512 8.7330 1.0000
7.6700 10.9337 1.0000
7.9278 7.4507 1.0000
12.0177 7.7545 1.0000
10.7896 10.8222 1.0000
16.5153 9.0118 1.0000
19.2966 10.0289 1.0000
8.3343 9.6866 1.0000
10.5338 10.5007 1.0000
12.7756 10.7399 1.0000
5.1851 9.9886 1.0000
12.1653 10.3169 1.0000
9.1454 9.4954 1.0000
8.5786 10.2719 1.0000
11.7783 8.9282 1.0000
7.6374 10.3280 1.0000
12.0911 8.9837 1.0000
11.8340 9.8107 1.0000
15.0523 9.3360 1.0000
6.9029 10.3244 1.0000
11.9958 10.8353 1.0000
10.4948 10.0445 1.0000
7.8268 11.1147 1.0000
10.7263 10.0862 1.0000
7.6751 9.6834 1.0000
8.8588 9.5692 1.0000
6.0336 9.2099 1.0000
11.0457 11.3292 1.0000
10.1081 10.7217 1.0000
11.1264 8.8789 1.0000
13.4390 10.3400 1.0000
10.2812 11.7993 1.0000
10.5093 9.7211 1.0000
13.3346 10.9645 1.0000
5.5211 8.6863 1.0000
5.9575 10.5110 1.0000
19.9167 10.9720 1.0000
10.5738 9.6194 1.0000
8.6207 9.6442 1.0000
12.0802 9.7217 1.0000
15.2922 8.0946 1.0000
9.4995 10.9690 1.0000
3.2262 10.6293 1.0000
11.2976 9.7662 1.0000
10.3478 10.6559 1.0000
14.9734 9.9573 1.0000
12.4388 9.7257 1.0000
14.8685 10.7211 1.0000
12.4613 10.2170 1.0000
9.2436 9.6131 1.0000
7.9415 10.6488 1.0000
4.6968 10.3597 1.0000
14.1130 11.5950 1.0000
12.5159 11.3170 1.0000
10.5790 10.1658 1.0000
12.0950 -0.6877 2.0000
6.0503 5.3907 2.0000
11.6351 -0.3403 2.0000
6.1029 0.9331 2.0000
9.6916 3.7820 2.0000
11.7945 -2.8935 2.0000
9.7098 0.0422 2.0000
8.5045 -2.7044 2.0000
9.6599 -2.9967 2.0000
9.1936 1.3897 2.0000
11.5610 0.1608 2.0000
13.2486 0.5664 2.0000
8.4228 -6.1422 2.0000
6.0282 -1.5407 2.0000
8.2899 1.5582 2.0000
12.2500 0.3554 2.0000
8.7575 -1.2045 2.0000
8.5776 1.0889 2.0000
10.6791 0.5324 2.0000
7.4655 2.5449 2.0000
12.8293 2.1230 2.0000
9.2765 0.2445 2.0000
11.8835 0.1011 2.0000
7.2490 -3.2777 2.0000
11.1046 0.7689 2.0000
11.0944 0.2992 2.0000
13.6621 -1.3436 2.0000
12.4439 0.9976 2.0000
11.0138 -1.7610 2.0000
10.9582 3.8696 2.0000
10.0821 -0.5505 2.0000
8.1692 0.7755 2.0000
13.4872 -4.8637 2.0000
8.9422 -0.5930 2.0000
9.6550 2.3074 2.0000
9.9247 5.0687 2.0000
5.6847 2.7565 2.0000
11.9192 0.8102 2.0000
10.3041 0.7828 2.0000
12.8051 -1.8192 2.0000
11.5630 -2.3228 2.0000
8.2504 -3.3358 2.0000
9.6447 -1.3649 2.0000
9.8603 -1.3359 2.0000
10.8081 -2.7314 2.0000
8.5476 -5.0818 2.0000
10.3970 -1.1916 2.0000
11.8309 1.7942 2.0000
11.5869 0.1900 2.0000
10.3540 -0.0207 2.0000
7.5120 0.7509 2.0000
8.0027 -0.0296 2.0000
11.2268 1.0210 2.0000
12.4309 -3.9756 2.0000
11.1746 2.9367 2.0000
11.0629 -0.1246 2.0000
7.0235 1.8437 2.0000
10.0745 -0.6097 2.0000
10.5048 2.8950 2.0000
12.1684 -2.4158 2.0000
7.0013 -0.9292 2.0000
14.2662 0.4162 2.0000
10.7501 2.3747 2.0000
8.7044 -2.2412 2.0000
9.4953 -1.6577 2.0000
12.6144 1.0095 2.0000
10.8859 -0.3390 2.0000
8.5669 0.0647 2.0000
7.8987 4.8640 2.0000
10.7167 1.5291 2.0000
9.6730 0.4693 2.0000
8.4086 -0.5039 2.0000
9.1619 1.1968 2.0000
8.9144 0.3984 2.0000
9.6071 -0.5720 2.0000
12.2102 -0.3664 2.0000
9.3582 -1.4711 2.0000
10.4414 1.0196 2.0000
8.8692 1.5975 2.0000
8.2226 0.5048 2.0000
10.7311 -1.3813 2.0000
7.6870 -0.5805 2.0000
10.0388 0.5356 2.0000
7.0452 -1.7434 2.0000
11.7403 -2.1826 2.0000
9.4382 -0.2872 2.0000
10.5613 -1.8941 2.0000
13.7542 -2.1759 2.0000
10.5873 1.6704 2.0000
11.3043 0.3060 2.0000
8.7391 0.3721 2.0000
9.9563 0.9152 2.0000
9.9323 -2.7816 2.0000
10.5254 1.3444 2.0000
12.5338 0.2109 2.0000
10.4629 -1.4215 2.0000
12.4496 -0.1437 2.0000
9.9091 -0.8947 2.0000
9.3024 -0.3769 2.0000
10.8840 0.6213 2.0000